start=23.666333
speed=1.500000
