start=149.833333
speed=2.750000
pause=no
