start=1927.877812
speed=1.250000
pause=no
