start=42.500000
speed=2.000000
pause=no
