start=4547.000792
speed=1.250000
pause=no
volume=80.000000
sid=no
