start=2803.968000
pause=no
volume=100.000000
