start=488.921000
speed=2.000000
volume=98.000000
