start=548.381167
speed=1.250000
