start=1188.437250
speed=2.000000
pause=no
