start=1070.236000
speed=1.250000
pause=no
