start=2804.802000
pause=no
volume=100.000000
