start=140.966667
pause=no
sub-scale=1.000000
