start=2803.259000
pause=no
volume=100.000000
