start=1195.360833
pause=no
volume=100.000000
