start=2559.362239
pause=no
volume=50.000000
