start=48.649000
speed=1.250000
aid=1
