start=1193.859333
volume=100.000000
