start=471.250000
pause=no
volume=30.000000
