start=285.733333
speed=3.000000
pause=no
