start=40.900000
speed=1.500000
pause=no
