start=159.333333
speed=2.500000
pause=no
