start=1122.246122
speed=1.250000
pause=no
