start=203.483333
speed=1.250000
volume=56.000000
