start=101.733333
speed=1.500000
pause=no
