start=54.554000
speed=1.500000
pause=no
volume=80.000000
