start=2809.014000
pause=no
volume=100.000000
