start=168.200000
speed=2.500000
pause=no
