start=13.013000
pause=no
volume=20.000000
