start=2536.200000
pause=no
volume=100.000000
