start=208.833333
speed=2.750000
pause=no
sub-delay=-1.267000
