start=757.266667
speed=2.000000
sub-pos=99
