start=2796.544000
pause=no
volume=100.000000
