start=2828.492000
pause=no
volume=74.000000
