start=677.843833
pause=no
volume=0.000000
