start=8775.850411
speed=1.500000
pause=no
