start=1555.888000
speed=1.250000
volume=88.000000
