start=431.033333
speed=1.250000
pause=no
volume=100.000000
sid=no
