start=2813.894000
pause=no
volume=88.000000
sub-scale=0.800000
