start=265.066667
speed=2.000000
pause=no
