start=1703.160000
speed=1.250000
pause=no
volume=64.000000
