start=9237.937033
speed=1.250000
volume=66.000000
fullscreen=yes
