start=1457.247000
speed=1.250000
pause=no
sid=1
