start=208.966667
pause=no
sub-scale=1.000000
