start=2804.510000
pause=no
volume=100.000000
