start=181.515000
speed=1.250000
