start=211.866667
speed=2.500000
pause=no
